1488663273205649410 885973152383324160
1488661681391783944 1484053269336920065
1488661203240976386 627740009
1488661201659645956 1107362702463299591
1488657727748517888 173260679
1488657638414065664 2262121986
1488656189386891267 764486258743734272
1488655696082124802 899817401381933056
1488655646979461120 1439055242
1488654816331153412 65516642
1488651956222631936 767346488519323648
1488649698579816453 767346488519323648
1488647604695191552 753082023473012736
1488647437237596168 1461539453315567621
1488647347424972809 1461539453315567621
1488647193724702725 1461539453315567621
1488645412139458564 53695301
1488645229783797765 1059256825588146176
1488642971197231105 45934062
1488642689985695745 1228945914510954496
1488641430448975874 1454569438930419722
1488641187263270912 1454569438930419722
1488640236565327873 277756079
1488639558333911041 1137080751135100928
1488639467657338888 767346488519323648
1488638608886149126 726499497522638850
1488635987156684800 1386280932139802626
1488633270820605958 140131880
1488632007550717953 66308094
1488631674145546245 1484727225035411462
1488630541897326595 66308094
1488629584862003200 66308094
1488627049413681156 1484096345199853569
1488622535835062272 767346488519323648
1488622502280679430 767346488519323648
1488622487877431303 767346488519323648
1488621741022892032 1439763509458391041
1488621543475363840 66308094
1488621293352235013 1268639912775028737
1488620741109194764 1265013369859383307
1488619971240415242 929405147482152960
1488618793568022543 1097616512934924289
1488617413516177414 66308094
1488616674559504387 1374209042738991104
1488615858322743303 1181383253049184257
1488614610357915648 1367211552814862342
1488614183142780928 1481182764649291776
1488613902040588292 1329172845352640516
1488613181606014977 4870703974
1488613105110294530 1348163321745305600
1488609638186721286 1356301919317356546
1488609302268940289 1228945914510954496
1488608808008142848 4870703974
1488608017889255431 767346488519323648
1488603089003237385 1369044145352871936
1488602817161924608 776874268994867200
1488602776980627463 1094321723623858177
1488600570403246080 1136694614964854785
1488600479483535361 767346488519323648
1488594965395480577 1250673780940136450
1488594435374043144 1394961132343922697
1488592031081504770 1472855251
1488591082380271617 238259878
1488589834646003713 1379368698633277443
1488589312191082496 1391984009987727363
1488587917261873153 554110211
1488585428668198918 31002938
1488581914688917504 1262581317482377217
1488581357601234953 2759578061
1488581252554842114 612074738
1488580152921665545 222201455
1488579604147322881 1306078796102205440
1488578757682073605 720801135284473856
1488574336554258435 65835005
1488572115477532673 767346488519323648
1488569833180790784 375453557
1488567630420189191 1092888052740096000
1488567294511005699 1028072427568472065
1488566624265605122 1441048455724503040
1488566010378600449 997904872543543296
1488565962244714496 13115682
1488565146356170753 2544914191
1488564985064214528 1211281379654127616
1488564675872792582 25209054
1488564522877177861 167917863
1488564268811313155 2990760947
1488563996886249480 1175854184
1488562822418030593 158547333
1488562557149323264 1418370229491535872
1488562416925360130 1442357211263426560
1488558066383609857 1067447059
1488557614669697024 1487896348431110146
1488557032873799692 859784176190357504
1488556573685616645 1382968742905188352
1488556215298834433 1357587770970152960
1488555430679027714 1292102752068202497
1488555227150274573 1357587770970152960
1488554038480326660 31641350
1488553999854886916 16657500
1488551794728833024 1407422217038688258
1488551248941002758 1456250488840593408
1488550917469523969 948014053955272704
1488549375924080641 1307964225541693440
1488549029604904962 1307964225541693440
1488548782841024512 613740223
1488548460362043392 786603859305123841
1488548185857482754 1487871256733143045
1488548082350379008 1430554158487130112
1488547110182031361 1349557329935519744
1488545922640396299 1466464337263009797
1488545372305821704 3345042965
1488544524318261251 1223189515
1488544420160946176 28201743
1488543690016571397 25589776
1488543570286071811 1043310573264556033
1488543167460909057 231913567
1488542660168085504 829798643527884800
1488540932375027716 1371471004707532803
1488539749887451147 49718612
1488538275686109186 2788421395
1488536890005458949 1459869912592175120
1488535890423132171 281639002
1488534529950294019 3229519719
1488534465324457994 1374413728448278528
1488533818030141443 45661769
1488533666179522563 1284339720529547266
1488532430180999170 1199023490365571073
1488532324790808584 1326719615083315201
1488531535162716177 3383815924
1488531424961601541 1379854945441226757
1488530627251032068 1446947929965666310
1488530579675136016 796885281052000257
1488530522502488074 1667173242
1488530437160980481 506947995
1488530379548106766 1378104032
1488530140179091465 1265013369859383307
1488529960411222026 605640255
1488529604168097794 1484919357947801605
1488529534001590282 1059494795951960064
1488528137772322826 767346488519323648
1488528095107760134 767346488519323648
1488525897812615173 1081254285508263938
1488524796841365506 222201455
1488524565512921093 1081428267666755584
1488524564023943169 1081428267666755584
1488524286218416137 1475750999839051783
1488522194812473344 1484904979093950468
1488520448191209480 3157798849
1488520135807754244 1452333924114472973
1488519509313048584 1470144916395380742
1488519430665424896 1341453141024227328
1488517918333751298 286807260
1488517189518999556 767346488519323648
1488515911258722316 954695840312029184
1488512925853749253 1462158586323226626
1488511768078999564 929405147482152960
1488509598193618944 767346488519323648
1488509061729746945 867618125130354688
1488507111600443393 136862987
1488506331292184581 1328391827439882245
1488505776176267269 396401441
1488504942776119296 1475927061386518528
1488504599111684097 1015655759751806976
1488502064946814976 886912488129933314
1488501351944376323 790238698826715136
1488500772543381505 2427581265
1488499654203432964 2750563073
1488498574312628229 1427642606742384655
1488495395844104193 53695301
1488493514375983107 1425799480381644802
1488491219214864392 3138178252
1488489864035278852 767346488519323648
1488487875658149891 1418381034954006536
1488486856895389699 767346488519323648
1488486692483133444 521915615
1488486481857593346 897000246668140544
1488486476920897546 68545047
1488481788993310726 1292377746220318727
1488481705686335498 1323498260221157377
1488479778600542208 705871088123842560
1488479668613177347 1451150150034878465
1488475459067072512 521600663
1488474914638249985 1242167910
1488474478354993152 1224293110835859456
1488470701669556224 1303367696789065728
1488469566368141316 1238825406616055808
1488468856414871562 1268500317500391426
1488468463022743554 734250210260553728
1488467848896737281 1094816547900661760
1488467669443559427 231913567
1488467189988483078 1369044145352871936
1488467028486807553 2190821879
1488466742783483906 1175854184
1488466410527498243 1403020350871400451
1488465544147832835 129712004
1488465331060613124 737142202481016832
1488465009768288257 1486202402659344388
1488465002876923904 1405292916071755777
1488464909058904067 1277715645430468608
1488464901467164672 1448297335126204421
1488464886942560257 737142202481016832
1488461079118233601 1342417298309730305
1488460732345856009 1318316820055588864
1488460669012033536 1418581173467369473
1488460165863018497 1380932302889316357
1488459879497011202 1375846002180173828
1488459393553387523 1101965127660781569
1488457987899412483 1487844984208474116
1488456724352745473 2448822571
1488456395796189188 1372219354033623047
1488454707014160389 1219953308145803264
1488454323420164098 1968306404
1488453672250093573 848018544533090304
1488453111710728197 1710909410
1488452836694315013 3378812541
1488452567935893506 134223822
1488449706086723584 1453714514365403146
1488449224647847949 3291194084
1488448823412285442 1081428267666755584
1488448819209687045 1081428267666755584
1488447843224412165 2444748967
1488447079156494339 1263179074266181632
1488447008243601410 1361869670727356416
1488446001174118400 1315772990789910531
1488444769919385600 1330881067096576001
1488443581828415490 1432180843695517697
1488443460415676418 1454449984871403522
1488443303414870016 1642355736
1488442578454577153 1474276471355363331
1488440408891789316 1124644792325926912
1488440035921870852 765323751516938240
1488439789321814019 1407959920717164547
1488438851953594371 908969042257469440
1488436046018846720 1430719744911581185
1488434112071356419 1478835885424709634
1488432559285547008 1283279765877788672
1488431737373962245 1153337826299305985
1488430283640745991 112036646
1488429749953495041 1277590137183129600
1488429443110604802 1369044145352871936
1488429442317832193 1369044145352871936
1488429398084755456 1366552044878909447
1488429121210310657 1194672111232659456
1488428010864885760 2602445144
1488427023718666245 930492992862982145
1488426280378798083 1371964275258982407
1488425570555805696 1356730755263692809
1488424902340321285 51168671
1488424537272299524 1232725387009982464
1488424367629373441 160827483
1488423761497915397 1261707228547100679
1488422122401587200 2761582268
1488421943112253440 2616979508
1488420765770797066 1248832200671473665
1488417506352115714 878671871545270277
1488415894984605696 1409397880381534214
1488415685667528704 853152456095670272
1488415638393876486 1163919937934508033
1488415477290631169 2936945695
1488415134276268034 1488048155190960129
1488414108835799040 1359786280628809731
1488413916199673857 2458493978
1488413224387153920 338052702
1488413179113844736 2921536643
1488412810795225093 1436692115942223877
1488412794156240899 285482338
1488412686501429250 1314464281371443201
1488411483130286080 1437566137877897218
1488411046960263169 1277902856301850624
1488410174679359491 1302189062565122048
1488409648189382657 1401330563487875072
1488408719184609280 1369308954635931650
1488408548103102470 1392344929612058626
1488405652300988417 3193036636
1488404545789120516 792982905987489792
1488403553097961472 922500366809358337
1488403305542090755 1678072064
1488403219202011138 990101401169637376
1488402869216845828 1103693942816681984
1488402844474834947 1127421967
1488402781807333376 1476253786981253126
1488400339300671488 1227033979414614018
1488399254196744192 737996851715166208
1488398926738829313 1022536934965608455
1488398355046682632 1207205457569308672
1488397366948339712 1409831480969158659
1488397169551937538 813891712745619460
1488396996574875651 947396647343943681
1488394861682302982 1094167265593970688
1488391732299538434 31641350
1488391698006827011 1369044145352871936
1488391241050042371 1251345178121703427
1488390393624666112 2564751872
1488390230138703873 23566258
1488387656983658499 767346488519323648
1488386279850921986 737073188400730112
1488385943891492864 1371886974630518785
1488385697199370240 2153551228
1488385583789613057 1375846002180173828
1488385284316307459 462302563
1488385165940310016 1371204688192868353
1488384839380262913 226391940
1488384487503314946 767090432539058176
1488384469321068547 1421312350485991430
1488384199476322305 1483516584861782022
1488384149710938113 1369044145352871936
1488382747227959298 962522010063646720
1488381873252442112 926611342563389441
1488381837927931905 552187525
1488381662547386368 4189412356
1488379592838627328 1327406593273720833
1488379166542397441 1333637860629483520
1488378912057008131 767346488519323648
1488378143253700609 1393096141902917633
1488377486618603521 1388001610215747595
1488377294393466881 1185767941985525760
1488377223279042561 1335933938532028416
1488377150734483459 2290273808
1488376739030048768 1050204019
1488376656964337666 767346488519323648
1488376640703021062 53695301
1488375822314528768 1228894164286365699
1488374895243313153 948381104695922689
1488374600480219137 1098997614840823810
1488374192747823105 1013661809688088578
1488373960924606464 1467348271580385281
1488373881626894336 1433603114368655363
1488373782519721986 948155623413297152
1488373699669475328 1581945666
1488373534346944513 1448777455360253952
1488373507591491585 1448780343901925376
1488373403321094146 1261133647588888576
1488373278817271810 767346488519323648
1488373192188063749 1443403271998033920
1488373185347301376 767346488519323648
1488373075167137797 1303367696789065728
1488372972704391168 328015744
1488372095121723392 1485125162706272258
1488371757174116353 1156671234077351936
1488371586105229313 31641350
1488369533886730245 811151719438557184
1488369446666129409 1319859878941257728
1488369269834407943 914849504238735361
1488369049130401796 1369044145352871936
1488368862814945280 1353948512401174528
1488368211208904704 1260096845621202949
1488368183685763073 1350731993038798850
1488368038596411395 1352338861989498888
1488367637335666689 1323312324665466881
1488367186313895947 1281299876786118658
1488367042789089282 987333355464163329
1488366806062583810 3182314004
1488366371922935810 1459766125860847616
1488366219648458752 96622166
1488366070624706560 1256236358105993225
1488365428036538368 1233236358589607936
1488364696235229192 1220574325088059392
1488364088782643200 1212948404550041600
1488363329987002368 971178296
1488363110607949825 1147610578342567936
1488363080765505538 1294584593786400768
1488362767618740229 1267248570177994753
1488362352600928256 343739420
1488361594786566145 809724842
1488361197430665218 1486928599
1488360966232461312 1183815491565043718
1488360533292163077 1429098183850962945
1488360360512040963 1486319628427173888
1488360334679154688 1440767640
1488360262797336578 1166528384647626752
1488359828661673990 949814565038120960
1488359737263804416 1375795962921148421
1488359463572566017 812164747122458624
1488358565542699008 1382968742905188352
1488358378204110855 1214587456818835459
1488357162875195393 1005827857770168320
1488356475692994562 1237301539
1488355285638914050 1258810038946332672
1488354448560828416 848574265347592192
1488353782450765830 940400671735590915
1488353124670713857 767346488519323648
1488352851998949377 767346488519323648
1488352788962848776 1363943200231161861
1488352709946314752 734250210260553728
1488352519931805701 866056627262287872
1488352246811459585 1402939206263926785
1488352203584725003 955976880611610624
1488349520513495042 2857859036
1488349290254802951 1430931453827641344
1488347636092772352 1428944139136159750
1488347268256133121 875245001118171137
1488347187897671681 322955692
1488347087234375691 1233210895259635714
1488346399456514048 1369044145352871936
1488345781929234433 1347665259876601859
1488345232357928960 1316207676322385928
1488343807355760650 1724055828
1488343706050703362 3656211375
1488343263635513348 1488182610236948483
1488343000120008705 798031625254817792
1488341019599212545 1441013408007004165
1488340990414913538 816514656730632192
1488340140288319496 1315725722665857025
1488339956867215361 1199702705880600576
1488339670689886209 822654471197040641
1488339059265380354 1475114355805073413
1488338935831052289 1676494633
1488338465217335298 2352821567
1488337933950238720 2600739050
1488336283155972098 3107035447
1488336192601006082 1453020237318606851
1488335140556312588 1462219789187772417
1488333269368119296 510651956
1488332195140091904 1436705904485826568
1488332098062614528 1484373992559775744
1488331512726622218 1303904640577294336
1488331406400839682 1322653007171837954
1488331156500082690 1480271273817108481
1488330869999906816 1299323556984246272
1488330841642217473 2456087499
1488330214262386688 1327202107435446272
1488330123820642309 498372281
1488329543681073152 1302484825169735682
1488329135176912900 302957894
1488328940422791168 1473458448415084544
1488328864480780290 734250210260553728
1488328785854357506 1613506616
1488328418676596739 1248361470506733568
1488328128678473736 1331922716568428544
1488328051998044171 767346488519323648
1488327863099084803 1401574764997746695
1488327763941629952 1077939074982465538
1488327720606093312 1328007302490812418
1488327515860979714 1849859312
1488327314836533248 1196311565907222528
1488326776887681027 498372281
1488326566346051584 748727143
1488326460461006849 1461539453315567621
1488326051352690692 1336146719331950593
1488325755465519105 1313799090522775558
1488325468680077325 479809449
1488325454864039936 767346488519323648
1488325452527804418 987117373114089472
1488325410526007308 767346488519323648
1488325405702451200 1044532402469523458
1488325337134030850 1156221961200119809
1488325318964391937 1464867591885930497
1488325053406412800 728813670466117632
1488325018002022402 1285573610065690625
1488324953984352256 1261496994054447104
1488324880672112642 9695312
1488323908503801857 1379013485103874048
1488323677062332417 1101430334321774592
1488322687701516290 1320730947453480960
1488322529974497288 767346488519323648
1488322157423771653 1232807804303441922
1488321887482613761 767346488519323648
1488321229463470097 767346488519323648
1488321129500626945 767346488519323648
1488321112266055681 767346488519323648
1488321042888249349 767346488519323648
1488320640688046082 1167175965082050571
1488320198398590978 1480163269088272387
1488320132975890434 1127378482781151232
1488319949256855552 1172492189202448385
1488319703709716482 627740009
1488319701243494402 1107362702463299591
1488319621849571328 1251250977203724290
1488319598126530561 837158048695271424
1488319560507965451 767346488519323648
1488318779616550913 234479484
1488318728932663300 2887693042
1488318115100303364 1484053269336920065
1488318042291404800 955976880611610624
1488318001967423492 1357022283215298566
1488317956824129536 767346488519323648
1488317721901412354 1385942402633019393
1488317255142330371 734250210260553728
1488316196957179912 1369044145352871936
1488315861429538816 1417763277636055042
1488314406781992961 1308839046169481216
1488313728802115588 387779930
1488313138068000772 302991275
1488310503462035459 1092922207158894593
1488310175308128267 53695301
1488309795782377479 1483149828012007429
1488309519763574786 1230187059970748416
1488309400385241088 2843282871
1488308663014105095 226391940
1488307182747717638 886912488129933314
1488307028489551873 4835625454
1488306927624982528 726964374
1488305710051909632 604566148
1488305700510093312 1227383152081088514
1488303442531602434 1328447653802291206
1488302392416391174 399559993
1488301173937430529 725008452
