1488661681391783944 1484053269336920065
1488661203240976386 627740009
1488661201659645956 1107362702463299591
1488657727748517888 173260679
1488655646979461120 1439055242
1488654816331153412 65516642
1488647604695191552 753082023473012736
1488645412139458564 53695301
1488642971197231105 45934062
1488641187263270912 1454569438930419722
1488638608886149126 726499497522638850
1488635987156684800 1386280932139802626
1488633270820605958 140131880
1488632007550717953 66308094
1488631674145546245 1484727225035411462
1488630541897326595 66308094
1488629584862003200 66308094
1488627049413681156 1484096345199853569
1488621741022892032 1439763509458391041
1488621293352235013 1268639912775028737
1488620741109194764 1265013369859383307
1488619971240415242 929405147482152960
1488617413516177414 66308094
1488616674559504387 1374209042738991104
1488615858322743303 1181383253049184257
1488613902040588292 1329172845352640516
1488608808008142848 4870703974
1488608017889255431 767346488519323648
1488603089003237385 1369044145352871936
1488602817161924608 776874268994867200
1488600570403246080 1136694614964854785
1488594965395480577 1250673780940136450
1488594435374043144 1394961132343922697
1488587917261873153 554110211
1488581914688917504 1262581317482377217
1488581357601234953 2759578061
1488581252554842114 612074738
1488580152921665545 222201455
1488574336554258435 65835005
1488567294511005699 1028072427568472065
1488566010378600449 997904872543543296
1488565146356170753 2544914191
1488564522877177861 167917863
1488563996886249480 1175854184
1488562822418030593 158547333
1488557614669697024 1487896348431110146
1488556573685616645 1382968742905188352
1488556215298834433 1357587770970152960
1488555227150274573 1357587770970152960
1488554038480326660 31641350
1488553999854886916 16657500
1488551248941002758 1456250488840593408
1488549375924080641 1307964225541693440
1488549029604904962 1307964225541693440
1488548460362043392 786603859305123841
1488548082350379008 1430554158487130112
1488547110182031361 1349557329935519744
1488544524318261251 1223189515
1488544420160946176 28201743
1488543690016571397 25589776
1488543570286071811 1043310573264556033
1488543167460909057 231913567
1488542660168085504 829798643527884800
1488539749887451147 49718612
1488538275686109186 2788421395
1488536890005458949 1459869912592175120
1488535890423132171 281639002
1488533818030141443 45661769
1488533666179522563 1284339720529547266
1488532324790808584 1326719615083315201
1488531535162716177 3383815924
1488531424961601541 1379854945441226757
1488530627251032068 1446947929965666310
1488530579675136016 796885281052000257
1488530522502488074 1667173242
1488530437160980481 506947995
1488530379548106766 1378104032
1488530140179091465 1265013369859383307
1488529604168097794 1484919357947801605
1488524796841365506 222201455
1488524565512921093 1081428267666755584
1488524564023943169 1081428267666755584
1488524286218416137 1475750999839051783
1488522194812473344 1484904979093950468
1488520448191209480 3157798849
1488519509313048584 1470144916395380742
1488511768078999564 929405147482152960
1488504942776119296 1475927061386518528
1488502064946814976 886912488129933314
1488499654203432964 2750563073
1488498574312628229 1427642606742384655
1488495395844104193 53695301
1488493514375983107 1425799480381644802
1488489864035278852 767346488519323648
1488486476920897546 68545047
1488481705686335498 1323498260221157377
1488470701669556224 1303367696789065728
1488468463022743554 734250210260553728
1488467669443559427 231913567
1488467189988483078 1369044145352871936
1488466742783483906 1175854184
1488465544147832835 129712004
1488464886942560257 737142202481016832
1488459879497011202 1375846002180173828
1488453111710728197 1710909410
1488448823412285442 1081428267666755584
1488448819209687045 1081428267666755584
1488447079156494339 1263179074266181632
1488447008243601410 1361869670727356416
1488446001174118400 1315772990789910531
1488434112071356419 1478835885424709634
1488429443110604802 1369044145352871936
1488429442317832193 1369044145352871936
1488425570555805696 1356730755263692809
1488424902340321285 51168671
1488424537272299524 1232725387009982464
1488423761497915397 1261707228547100679
1488421943112253440 2616979508
1488409648189382657 1401330563487875072
1488403553097961472 922500366809358337
1488402844474834947 1127421967
1488400339300671488 1227033979414614018
1488391732299538434 31641350
1488391698006827011 1369044145352871936
1488384839380262913 226391940
1488384149710938113 1369044145352871936
1488381837927931905 552187525
1488376640703021062 53695301
1488373960924606464 1467348271580385281
1488373881626894336 1433603114368655363
1488373534346944513 1448777455360253952
1488373507591491585 1448780343901925376
1488373075167137797 1303367696789065728
1488371586105229313 31641350
1488369533886730245 811151719438557184
1488369049130401796 1369044145352871936
1488364088782643200 1212948404550041600
1488360360512040963 1486319628427173888
1488360334679154688 1440767640
1488359463572566017 812164747122458624
1488357162875195393 1005827857770168320
1488352709946314752 734250210260553728
1488349290254802951 1430931453827641344
1488346399456514048 1369044145352871936
1488339059265380354 1475114355805073413
1488338465217335298 2352821567
1488335140556312588 1462219789187772417
1488332098062614528 1484373992559775744
1488331512726622218 1303904640577294336
1488331406400839682 1322653007171837954
1488328864480780290 734250210260553728
1488326051352690692 1336146719331950593
1488324880672112642 9695312
1488320640688046082 1167175965082050571
1488319703709716482 627740009
1488319701243494402 1107362702463299591
1488318115100303364 1484053269336920065
1488318001967423492 1357022283215298566
1488317255142330371 734250210260553728
1488316196957179912 1369044145352871936
1488310175308128267 53695301
1488309519763574786 1230187059970748416
1488308663014105095 226391940
1488307182747717638 886912488129933314
1488305710051909632 604566148
1488303442531602434 1328447653802291206
